20
12
6614 1729 5641 69 9509 5314 2240 6690 1086 530 1675 486
12
4354 3262 9597 5431 4934 9232 2816 9941 5992 151 7080 3113
12
1939 5361 2218 9750 6273 5184 7830 8265 5252 7338 3579 7491
20
1016 4373 8406 1501 8164 9111 4763 4112 4541 6048 3343 7356 2340 9335 3858 9420 8799 2970 7710 4159
19
3811 6783 6722 1640 5048 8326 5330 4978 2168 5709 5993 6540 466 7493 1056 9576 8607 5167 4116
14
4862 7823 3346 4196 1681 2765 9346 1002 6826 9856 8892 6989 6639 5614
8
8038 291 309 9367 2458 2369 5359 5350
14
9203 6405 2409 4162 7923 2876 5167 2784 7051 8512 6979 5083 7628 2676
4
4454 2532 1327 1442
2
6940 6421
11
3582 6730 9277 6040 9098 987 1389 8284 6541 4145 7044
2
2067 6272
9
4851 3322 4380 8181 4756 2008 857 7191 2813
20
8517 4254 1613 1809 7026 1523 5390 3755 7151 1429 9205 4489 9169 7488 1029 3313 4531 1731 1732 802
11
6582 475 8330 4762 5230 6689 1970 2420 9501 8061 7289
6
9673 9097 3484 7547 4486 3590
9
2267 2794 5537 7787 6633 6566 7452 7516 4648
3
4669 4950 5764
16
9631 6877 3077 6320 5199 1849 2172 3259 9137 8630 2932 8233 2113 6830 9070 5702
19
1336 4848 3415 9123 7832 6332 6574 1699 7331 5756 6368 2280 7871 4215 1911 1099 7291 4582 6297